surface_name	site_name	species_name	formation_energy	frequencies	other_parameters	reference	
None	gas	CH3CHO	-2.75	[3005.0, 2917.0, 2822.0, 1743.0, 1441.0, 1400.0, 1352.0, 1113.0, 919.0, 509.0, 2967.0, 1420.0, 867.0, 763.0, 150.0]	[]	Calculated	
None	gas	CH2O	-0.28	[1137.6, 1242.0, 1480.1, 1771.7, 2904.5, 2914.0]	[]	Calculated	
None	gas	CO	0.0	[2170.0]	[]	Calculated	
None	gas	CH3OH	-1.55	[3739, 3077, 3013, 2975, 1496, 1487, 1459, 1365, 1160, 1066, 1028, 397]	[]	Calculated	
None	gas	H2O	0.0	[3657.0, 1595.0, 3756.0]	[]	Calculated	
None	gas	H2	0.0	[4401.0]	[]	Calculated	
None	gas	CH3CH2OH	-3.74	[3755, 3089, 3083, 2991, 2982, 2932, 1508, 1484, 1470, 1421, 1389, 1270, 1244, 1154, 1061, 985, 876, 801, 379, 249, 212]	[]	Calculated	
None	gas	CH4	-2.83	[2917.0, 1534.0, 1534.0, 3019.0, 3019.0, 3019.0, 1306.0, 1306.0, 1306.0]	[]	Calculated	
Rh	111	C	-0.9	[]	[]	Calculated AJ	
Rh	111	CHO	-1.08	[12.0, 72.0, 206.0, 336.0, 452.0, 660.0, 1238.0, 1262.0, 2832.0]	[]	Calculated AJ	
Rh	111	H	-0.36	[463.0, 716.0, 982.0]	[]	Calculated AJ	
Rh	111	CH3CHOH	-3.63	[12.0, 71.0, 162.0, 228.0, 268.0, 318.0, 446.0, 541.0, 664.0, 773.0, 890.0, 1022.0, 1089.0, 1141.0, 1236.0, 1347.0, 1375.0, 1462.0, 1489.0, 2927.0, 2973.0, 3024.0, 3060.0, 3629.0]	[]	Calculated AJ	
Rh	111	CH2O	-0.97	[143.0, 162.0, 291.0, 324.0, 466.0, 640.0, 898.0, 1103.0, 1153.0, 1440.0, 2966.0, 3044.0]	[]	Calculated AJ	
Ir	111	CH2O	-0.82	[143.0, 162.0, 291.0, 324.0, 466.0, 640.0, 898.0, 1103.0, 1153.0, 1440.0, 2966.0, 3044.0]	[]	Calculated AJ	
Rh	111	CHCO	-2.47	[12.0, 195.0, 261.0, 342.0, 401.0, 522.0, 572.0, 755.0, 933.0, 1090.0, 1712.0, 3004.0]	[]	Calculated AJ	
Pt	111	CH3CH2O	-2.96	[12.0, 71.5, 152.5, 199.5, 230.3, 270.2, 442.2, 553.6, 750.9, 874.8, 956.8, 1092.4, 1150.6, 1255.2, 1298.9, 1432.3, 1461.5, 1479.0, 1712.7, 2895.6, 3012.7, 3048.6, 3063.7, 3087.9]	[]	Calculated AJ	
Rh	111	CO	-1.71	[60.0, 231.0, 256.0, 303.0, 470.0, 1747.0]	[]	Calculated AJ	
Rh	111	CH3CHO	-3.37	[12.0, 61.0, 93.0, 134.0, 227.0, 361.0, 430.0, 516.0, 737.0, 928.0, 1037.0, 1062.0, 1128.0, 1287.0, 1321.0, 1408.0, 1443.0, 2933.0, 2974.0, 3000.0, 3063.0]	[]	Calculated AJ	
Ir	111	CH3O	-1.15	[34.0, 73.0, 158.0, 273.0, 317.0, 360.0, 971.0, 1137.0, 1140.0, 1441.0, 1462.0, 1463.0, 2982.0, 3053.0, 3056.0]	[]	Calculated AJ	
Cu	111	CH3CH2O	-3.72	[12.0, 71.5, 152.5, 199.5, 230.3, 270.2, 442.2, 553.6, 750.9, 874.8, 956.8, 1092.4, 1150.6, 1255.2, 1298.9, 1432.3, 1461.5, 1479.0, 1712.7, 2895.6, 3012.7, 3048.6, 3063.7, 3087.9]	[]	Calculated AJ	
Ag	111	CH3CH2O	-3.16	[12.0, 71.5, 152.5, 199.5, 230.3, 270.2, 442.2, 553.6, 750.9, 874.8, 956.8, 1092.4, 1150.6, 1255.2, 1298.9, 1432.3, 1461.5, 1479.0, 1712.7, 2895.6, 3012.7, 3048.6, 3063.7, 3087.9]	[]	Calculated AJ	
Rh	111	OH	0.25	[12.0, 341.0, 396.0, 670.0, 718.0, 3682.0]	[]	Calculated AJ	
Rh	111	CH	-1.72	[413.0, 437.0, 487.0, 710.0, 735.0, 3045.0]	[]	Calculated AJ	
Rh	111	CH2CO	-2.68	[12.0, 142.0, 169.0, 291.0, 350.0, 435.0, 565.0, 621.0, 871.0, 930.0, 1035.0, 1295.0, 1674.0, 2998.0, 3071.0]	[]	Calculated AJ	
Rh	111	CHOH	-1.06	[12.0, 144.0, 202.0, 314.0, 367.0, 569.0, 761.0, 1044.0, 1203.0, 1426.0, 2983.0, 3650.0]	[]	Calculated AJ	
Rh	111	CH2	-1.62	[12.0, 306.0, 382.0, 468.0, 663.0, 790.0, 1356.0, 2737.0, 3004.0]	[]	Calculated AJ	
Rh	111	O	0.57	[]	[]	Calculated AJ	
Rh	111	CH3	-2.16	[12.0, 114.0, 168.0, 622.0, 686.0, 703.0, 1382.0, 1417.0, 1576.0, 3026.0, 3093.0, 3099.0]	[]	Calculated AJ	
Rh	111	CH3CH2OH	-4.23	[12.0, 12.0, 12.0, 12.0, 42.0, 255.0, 324.0, 421.0, 479.0, 732.0, 867.0, 1009.0, 1087.0, 1136.0, 1254.0, 1264.0, 1394.0, 1419.0, 1432.0, 1462.0, 1491.0, 2887.0, 2966.0, 2984.0, 3029.0, 3146.0, 3726.0]	[]	Calculated AJ	
Rh	111	CH3CO	-3.6	[12.0, 123.0, 156.0, 228.0, 286.0, 402.0, 469.0, 676.0, 945.0, 1012.0, 1091.0, 1407.0, 1435.0, 1454.0, 1575.0, 3053.0, 3076.0, 3126.0]	[]	Calculated AJ	
Rh	111	CH2OH	-1.41	[65.0, 116.0, 214.0, 282.0, 481.0, 517.0, 660.0, 846.0, 1076.0, 1151.0, 1315.0, 1421.0, 3006.0, 3093.0, 3621.0]	[]	Calculated AJ	
Rh	111	CH3O	-1.57	[34.0, 73.0, 158.0, 273.0, 317.0, 360.0, 971.0, 1137.0, 1140.0, 1441.0, 1462.0, 1463.0, 2982.0, 3053.0, 3056.0]	[]	Calculated AJ	
Pd	111	CH3CH2O	-3.28	[12.0, 71.5, 152.5, 199.5, 230.3, 270.2, 442.2, 553.6, 750.9, 874.8, 956.8, 1092.4, 1150.6, 1255.2, 1298.9, 1432.3, 1461.5, 1479.0, 1712.7, 2895.6, 3012.7, 3048.6, 3063.7, 3087.9]	[]	Calculated AJ	
Rh	111	CH3CH2O	-3.7	[12.0, 71.5, 152.5, 199.5, 230.3, 270.2, 442.2, 553.6, 750.9, 874.8, 956.8, 1092.4, 1150.6, 1255.2, 1298.9, 1432.3, 1461.5, 1479.0, 1712.7, 2895.6, 3012.7, 3048.6, 3063.7, 3087.9]	[]	Calculated AJ	
Rh	111	H-CH3CHO	-3.15	[12.0, 12.0, 12.0, 144.1, 183.8, 241.9, 289.6, 503.7, 543.5, 859.7, 928.7, 1013.7, 1101.0, 1256.8, 1325.0, 1419.0, 1451.5, 1466.9, 1657.0, 2885.0, 2972.2, 3037.3, 3079.6]	[]	Calculated AJ	
Rh	111	CH2-H	-1.56	[12.0, 234.0, 339.0, 527.0, 615.0, 828.0, 969.0, 1378.0, 1913.0, 2972.0, 3028.0]	[]	Calculated AJ	
Rh	111	CH-OH	-0.38	[194.0, 314.0, 411.0, 461.0, 643.0, 671.0, 723.0, 755.0, 849.0, 3162.0, 3676.0]	[]	Calculated AJ	
Rh	111	H-CO	-0.74	[71.0, 197.0, 315.0, 376.0, 537.0, 1047.0, 1445.0, 2114.0]	[]	Calculated AJ	
Rh	111	H-OH	0.74	[12.0, 273.0, 312.0, 399.0, 695.0, 831.0, 1111.0, 3615.0]	[]	Calculated AJ	
Rh	111	CH-H	-1.46	[270.0, 369.0, 382.0, 566.0, 681.0, 955.0, 1998.0, 3025.0]	[]	Calculated AJ	
Rh	111	H-CH3CO	-3.16	[12.0, 12.0, 12.0, 106.0, 310.0, 367.0, 484.0, 656.0, 750.0, 963.0, 996.0, 1071.0, 1311.0, 1390.0, 1424.0, 1434.0, 1597.0, 2970.0, 2997.0, 3104.0]	[]	Calculated AJ	
Rh	111	CH-CO	-2.09	[12.0, 12.0, 150.0, 347.0, 373.0, 460.0, 580.0, 767.0, 961.0, 1607.0, 3001.0]	[]	Calculated AJ	
Rh	111	H-CHCO	-2.19	[104.0, 170.0, 250.0, 276.0, 322.0, 484.0, 565.0, 641.0, 863.0, 947.0, 1089.0, 1670.0, 1876.0, 3058.0]	[]	Calculated AJ	
Rh	111	CH3CHO-H	-2.8	[12.0, 45.0, 123.0, 183.0, 208.0, 232.0, 385.0, 511.0, 578.0, 810.0, 900.0, 999.0, 1054.0, 1084.0, 1129.0, 1316.0, 1335.0, 1424.0, 1453.0, 2906.0, 2945.0, 2984.0, 3054.0]	[]	Calculated AJ	
Rh	111	CH3CHOH-H	-3.33	[12.0, 35.0, 108.0, 137.0, 183.0, 249.0, 400.0, 460.0, 516.0, 598.0, 820.0, 924.0, 1014.0, 1096.0, 1167.0, 1240.0, 1354.0, 1385.0, 1436.0, 1485.0, 1652.0, 2967.0, 3012.0, 3039.0, 3102.0, 3525.0]	[]	Calculated AJ	
Rh	111	CH3CH2O-H	-3.14	[12.0, 12.0, 98.4, 159.4, 241.7, 323.3, 359.7, 516.0, 550.3, 812.0, 841.0, 989.5, 1009.7, 1123.0, 1152.6, 1252.3, 1330.0, 1374.1, 1454.1, 1457.1, 1614.4, 2937.6, 2979.7, 3011.3, 3022.5, 3120.0]	[]	Calculated AJ	
Rh	111	H-CH2CO	-2.54	[12.0, 123.0, 221.0, 245.0, 344.0, 383.0, 484.0, 602.0, 863.0, 994.0, 1030.0, 1088.0, 1332.0, 1433.0, 1684.0, 3026.0, 3087.0]	[]	Calculated AJ	
Rh	111	CH3-H	-1.95	[12.0, 12.0, 54.0, 143.0, 435.0, 740.0, 826.0, 1241.0, 1398.0, 1421.0, 1731.0, 2994.0, 3046.0, 3093.0]	[]	Calculated AJ	
Pd	111	CH2OH	-1.36	[65.0, 116.0, 214.0, 282.0, 481.0, 517.0, 660.0, 846.0, 1076.0, 1151.0, 1315.0, 1421.0, 3006.0, 3093.0, 3621.0]	[]	Calculated Julia	
Cu	111	CH3O	-1.47	[34.0, 73.0, 158.0, 273.0, 317.0, 360.0, 971.0, 1137.0, 1140.0, 1441.0, 1462.0, 1463.0, 2982.0, 3053.0, 3056.0]	[]	Calculated Julia	
Ag	111	CH3O	-1.08	[34.0, 73.0, 158.0, 273.0, 317.0, 360.0, 971.0, 1137.0, 1140.0, 1441.0, 1462.0, 1463.0, 2982.0, 3053.0, 3056.0]	[]	Calculated Julia	
Pd	111	CH3O	-1.15	[34.0, 73.0, 158.0, 273.0, 317.0, 360.0, 971.0, 1137.0, 1140.0, 1441.0, 1462.0, 1463.0, 2982.0, 3053.0, 3056.0]	[]	Calculated Julia	
Ag	111	CH2OH	-0.24	[65.0, 116.0, 214.0, 282.0, 481.0, 517.0, 660.0, 846.0, 1076.0, 1151.0, 1315.0, 1421.0, 3006.0, 3093.0, 3621.0]	[]	Calculated Julia	
Pt	111	CH2O	-0.68	[143.0, 162.0, 291.0, 324.0, 466.0, 640.0, 898.0, 1103.0, 1153.0, 1440.0, 2966.0, 3044.0]	[]	Calculated Julia	
Ir	111	CO	-1.78	[60.0, 231.0, 256.0, 303.0, 470.0, 1747.0]	[]	Calculated Julia	
Pt	111	CH2OH	-1.59	[65.0, 116.0, 214.0, 282.0, 481.0, 517.0, 660.0, 846.0, 1076.0, 1151.0, 1315.0, 1421.0, 3006.0, 3093.0, 3621.0]	[]	Calculated Julia	
Cu	111	CH2O	-0.6	[143.0, 162.0, 291.0, 324.0, 466.0, 640.0, 898.0, 1103.0, 1153.0, 1440.0, 2966.0, 3044.0]	[]	Calculated Julia	
Cu	111	CH2OH	-0.46	[65.0, 116.0, 214.0, 282.0, 481.0, 517.0, 660.0, 846.0, 1076.0, 1151.0, 1315.0, 1421.0, 3006.0, 3093.0, 3621.0]	[]	Calculated Julia	
Ag	111	CH2O	-0.62	[143.0, 162.0, 291.0, 324.0, 466.0, 640.0, 898.0, 1103.0, 1153.0, 1440.0, 2966.0, 3044.0]	[]	Calculated Julia	
Pt	111	CH3O	-0.84	[34.0, 73.0, 158.0, 273.0, 317.0, 360.0, 971.0, 1137.0, 1140.0, 1441.0, 1462.0, 1463.0, 2982.0, 3053.0, 3056.0]	[]	Calculated Julia	
Pd	111	CH2O	-0.69	[143.0, 162.0, 291.0, 324.0, 466.0, 640.0, 898.0, 1103.0, 1153.0, 1440.0, 2966.0, 3044.0]	[]	Calculated Julia	
Cu	111	H-CHOH	0.79	[53.0, 100.0, 187.0, 247.0, 517.0, 537.0, 662.0, 888.0, 1044.0, 1161.0, 1241.0, 1384.0, 3069.0, 3443.0]	[]	Calculated Julia	
Pd	111	H-CHO	-0.41	[166.0, 201.0, 282.0, 330.0, 502.0, 706.0, 928.0, 1216.0, 1236.0, 1792.0, 2952.0]	[]	Calculated Julia	
Pt	111	H-CH2O	-0.47	[12.0, 73.0, 172.0, 235.0, 325.0, 412.0, 664.0, 1032.0, 1188.0, 1382.0, 1519.0, 1658.0, 2943.0, 3025.0]	[]	Calculated Julia	
Cu	111	CH3-OH	0.15	[12.0, 95, 274, 309, 345, 468, 652, 660, 758, 780, 1075, 1116, 1387, 1438, 3074, 3191, 3256]	[]	Calculated Julia	
Rh	111	H-CHO	-0.77	[166.0, 201.0, 282.0, 330.0, 502.0, 706.0, 928.0, 1216.0, 1236.0, 1792.0, 2952.0]	[]	Calculated Julia	
Cu	111	H-CH2O	-0.13	[12.0, 73.0, 172.0, 235.0, 325.0, 412.0, 664.0, 1032.0, 1188.0, 1382.0, 1519.0, 1658.0, 2943.0, 3025.0]	[]	Calculated Julia	
Pt	111	H-CHO	-0.24	[166.0, 201.0, 282.0, 330.0, 502.0, 706.0, 928.0, 1216.0, 1236.0, 1792.0, 2952.0]	[]	Calculated Julia	
Ir	111	H-CHO	-0.45	[166.0, 201.0, 282.0, 330.0, 502.0, 706.0, 928.0, 1216.0, 1236.0, 1792.0, 2952.0]	[]	Calculated Julia	
Pd	111	H-CH2O	-0.38	[12.0, 73.0, 172.0, 235.0, 325.0, 412.0, 664.0, 1032.0, 1188.0, 1382.0, 1519.0, 1658.0, 2943.0, 3025.0]	[]	Calculated Julia	
Ag	111	H-CHOH	1.68	[53.0, 100.0, 187.0, 247.0, 517.0, 537.0, 662.0, 888.0, 1044.0, 1161.0, 1241.0, 1384.0, 3069.0, 3443.0]	[]	Calculated Julia	
Ag	111	CH3-OH	0.37	[12.0, 95, 274, 309, 345, 468, 652, 660, 758, 780, 1075, 1116, 1387, 1438, 3074, 3191, 3256]	[]	Calculated Julia	
Rh	111	H-CH2O	-0.75	[12.0, 73.0, 172.0, 235.0, 325.0, 412.0, 664.0, 1032.0, 1188.0, 1382.0, 1519.0, 1658.0, 2943.0, 3025.0]	[]	Calculated Julia	
Ag	111	CH3O-H	0.02	[12.0, 8.0, 111.0, 197.0, 222.0, 319.0, 378.0, 961.0, 1116.0, 1134.0, 1237.0, 1403.0, 1463.0, 1467.0, 2965.0, 3029.0, 3040.0]	[]	Calculated Julia	
Pd	111	HCO-H	-0.28	[137.0, 231.0, 290.0, 327.0, 493.0, 594.0, 680.0, 911.0, 1105.0, 1166.0, 2929.0]	[]	Calculated Julia	
Cu	111	H-CHO	0.52	[166.0, 201.0, 282.0, 330.0, 502.0, 706.0, 928.0, 1216.0, 1236.0, 1792.0, 2952.0]	[]	Calculated Julia	
Rh	111	HCO-H	-0.44	[137.0, 231.0, 290.0, 327.0, 493.0, 594.0, 680.0, 911.0, 1105.0, 1166.0, 2929.0]	[]	Calculated Julia	
Ir	111	HCO-H	-0.79	[137.0, 231.0, 290.0, 327.0, 493.0, 594.0, 680.0, 911.0, 1105.0, 1166.0, 2929.0]	[]	Calculated Julia	
Ag	111	H-CH2O	0.19	[12.0, 73.0, 172.0, 235.0, 325.0, 412.0, 664.0, 1032.0, 1188.0, 1382.0, 1519.0, 1658.0, 2943.0, 3025.0]	[]	Calculated Julia	
Rh	111	CH3-CO	-2.34	[12.0, 94, 130, 218, 311, 335, 372, 515, 834, 847, 1208, 1316, 1431, 1847, 2993, 3097, 3169]	[]	Calculated Julia	
Pt	111	CH3O-H	-0.81	[12.0, 8.0, 111.0, 197.0, 222.0, 319.0, 378.0, 961.0, 1116.0, 1134.0, 1237.0, 1403.0, 1463.0, 1467.0, 2965.0, 3029.0, 3040.0]	[]	Calculated Julia	
Pd	111	CH3-CO	-2.18	[12.0, 94, 130, 218, 311, 335, 372, 515, 834, 847, 1208, 1316, 1431, 1847, 2993, 3097, 3169]	[]	Calculated Julia	
Pd	111	H-CH2OH	-0.94	[12.0, 103.0, 131.0, 198.0, 340.0, 406.0, 523.0, 761.0, 1008.0, 1084.0, 1207.0, 1344.0, 1447.0, 1796.0, 3007.0, 3096.0, 3654.0]	[]	Calculated Julia	
Cu	111	H-CH2OH	-0.04	[12.0, 103.0, 131.0, 198.0, 340.0, 406.0, 523.0, 761.0, 1008.0, 1084.0, 1207.0, 1344.0, 1447.0, 1796.0, 3007.0, 3096.0, 3654.0]	[]	Calculated Julia	
Pd	111	CH3O-H	-0.55	[12.0, 8.0, 111.0, 197.0, 222.0, 319.0, 378.0, 961.0, 1116.0, 1134.0, 1237.0, 1403.0, 1463.0, 1467.0, 2965.0, 3029.0, 3040.0]	[]	Calculated Julia	
Cu	111	CH3O-H	-0.4	[12.0, 8.0, 111.0, 197.0, 222.0, 319.0, 378.0, 961.0, 1116.0, 1134.0, 1237.0, 1403.0, 1463.0, 1467.0, 2965.0, 3029.0, 3040.0]	[]	Calculated Julia	
Ag	111	H-CH2OH	0.6	[12.0, 103.0, 131.0, 198.0, 340.0, 406.0, 523.0, 761.0, 1008.0, 1084.0, 1207.0, 1344.0, 1447.0, 1796.0, 3007.0, 3096.0, 3654.0]	[]	Calculated Julia	
Rh	111	CH3O-H	-0.8	[12.0, 8.0, 111.0, 197.0, 222.0, 319.0, 378.0, 961.0, 1116.0, 1134.0, 1237.0, 1403.0, 1463.0, 1467.0, 2965.0, 3029.0, 3040.0]	[]	Calculated Julia	
Pt	111	CH3-CO	-1.79	[12.0, 94, 130, 218, 311, 335, 372, 515, 834, 847, 1208, 1316, 1431, 1847, 2993, 3097, 3169]	[]	Calculated Julia	
Pt	111	H-CH2OH	-0.86	[12.0, 103.0, 131.0, 198.0, 340.0, 406.0, 523.0, 761.0, 1008.0, 1084.0, 1207.0, 1344.0, 1447.0, 1796.0, 3007.0, 3096.0, 3654.0]	[]	Calculated Julia	
Pd	111	H-CHOH	-0.21	[53.0, 100.0, 187.0, 247.0, 517.0, 537.0, 662.0, 888.0, 1044.0, 1161.0, 1241.0, 1384.0, 3069.0, 3443.0]	[]	Calculated Julia	
Pd	111	CH3-OH	0.06	[12.0, 95, 274, 309, 345, 468, 652, 660, 758, 780, 1075, 1116, 1387, 1438, 3074, 3191, 3256]	[]	Calculated Julia	
Rh	111	H-CHOH	-0.7	[53.0, 100.0, 187.0, 247.0, 517.0, 537.0, 662.0, 888.0, 1044.0, 1161.0, 1241.0, 1384.0, 3069.0, 3443.0]	[]	Calculated Julia	
Rh	111	CH3-OH	-0.39	[12.0, 95, 274, 309, 345, 468, 652, 660, 758, 780, 1075, 1116, 1387, 1438, 3074, 3191, 3256]	[]	Calculated Julia	
Ag	111	H-CHO	1.2	[166.0, 201.0, 282.0, 330.0, 502.0, 706.0, 928.0, 1216.0, 1236.0, 1792.0, 2952.0]	[]	Calculated Julia	
Cu	111	CH3-CO	-1.07	[12.0, 94, 130, 218, 311, 335, 372, 515, 834, 847, 1208, 1316, 1431, 1847, 2993, 3097, 3169]	[]	Calculated Julia	
Ag	111	CH3-CO	-0.51	[12.0, 94, 130, 218, 311, 335, 372, 515, 834, 847, 1208, 1316, 1431, 1847, 2993, 3097, 3169]	[]	Calculated Julia	
Pt	111	H-CHOH	-0.42	[53.0, 100.0, 187.0, 247.0, 517.0, 537.0, 662.0, 888.0, 1044.0, 1161.0, 1241.0, 1384.0, 3069.0, 3443.0]	[]	Calculated Julia	
Pt	111	CH3-OH	0.58	[12.0, 95, 274, 309, 345, 468, 652, 660, 758, 780, 1075, 1116, 1387, 1438, 3074, 3191, 3256]	[]	Calculated Julia	
Rh	111	H-CH2OH	-0.99	[12.0, 103.0, 131.0, 198.0, 340.0, 406.0, 523.0, 761.0, 1008.0, 1084.0, 1207.0, 1344.0, 1447.0, 1796.0, 3007.0, 3096.0, 3654.0]	[]	Calculated Julia	
Pt	111	CH3	-2.38	[12.0, 114.0, 168.0, 622.0, 686.0, 703.0, 1382.0, 1417.0, 1576.0, 3026.0, 3093.0, 3099.0]	[]	Calculated Zhao	
Ag	111	CH3CHOH	-2.47	[12.0, 71.0, 162.0, 228.0, 268.0, 318.0, 446.0, 541.0, 664.0, 773.0, 890.0, 1022.0, 1089.0, 1141.0, 1236.0, 1347.0, 1375.0, 1462.0, 1489.0, 2927.0, 2973.0, 3024.0, 3060.0, 3629.0]	[]	Calculated Zhao	
Cu	111	CHOH	0.3	[12.0, 144.0, 202.0, 314.0, 367.0, 569.0, 761.0, 1044.0, 1203.0, 1426.0, 2983.0, 3650.0]	[]	Calculated Zhao	
Pt	111	H	-0.29	[463.0, 716.0, 982.0]	[]	Calculated Zhao	
Ir	111	CH2CO	-2.77	[12.0, 142.0, 169.0, 291.0, 350.0, 435.0, 565.0, 621.0, 871.0, 930.0, 1035.0, 1295.0, 1674.0, 2998.0, 3071.0]	[]	Calculated Zhao	
Ag	111	CH3CO	-2.12	[12.0, 123.0, 156.0, 228.0, 286.0, 402.0, 469.0, 676.0, 945.0, 1012.0, 1091.0, 1407.0, 1435.0, 1454.0, 1575.0, 3053.0, 3076.0, 3126.0]	[]	Calculated Zhao	
Ir	111	CH3	-2.25	[12.0, 114.0, 168.0, 622.0, 686.0, 703.0, 1382.0, 1417.0, 1576.0, 3026.0, 3093.0, 3099.0]	[]	Calculated Zhao	
Ag	111	CH3CHO	-3.17	[12.0, 61.0, 93.0, 134.0, 227.0, 361.0, 430.0, 516.0, 737.0, 928.0, 1037.0, 1062.0, 1128.0, 1287.0, 1321.0, 1408.0, 1443.0, 2933.0, 2974.0, 3000.0, 3063.0]	[]	Calculated Zhao	
Pd	111	OH	0.64	[12.0, 341.0, 396.0, 670.0, 718.0, 3682.0]	[]	Calculated Zhao	
Pd	111	CH3CHOH	-3.59	[12.0, 71.0, 162.0, 228.0, 268.0, 318.0, 446.0, 541.0, 664.0, 773.0, 890.0, 1022.0, 1089.0, 1141.0, 1236.0, 1347.0, 1375.0, 1462.0, 1489.0, 2927.0, 2973.0, 3024.0, 3060.0, 3629.0]	[]	Calculated Zhao	
Pt	111	CHO	-0.74	[12.0, 72.0, 206.0, 336.0, 452.0, 660.0, 1238.0, 1262.0, 2832.0]	[]	Calculated Zhao	
Cu	111	CO	-0.41	[60.0, 231.0, 256.0, 303.0, 470.0, 1747.0]	[]	Calculated Zhao	
Ag	111	C	3.26	[]	[]	Calculated Zhao	
Cu	111	CH3CHOH	-2.67	[12.0, 71.0, 162.0, 228.0, 268.0, 318.0, 446.0, 541.0, 664.0, 773.0, 890.0, 1022.0, 1089.0, 1141.0, 1236.0, 1347.0, 1375.0, 1462.0, 1489.0, 2927.0, 2973.0, 3024.0, 3060.0, 3629.0]	[]	Calculated Zhao	
Cu	111	CHCO	-1.46	[12.0, 195.0, 261.0, 342.0, 401.0, 522.0, 572.0, 755.0, 933.0, 1090.0, 1712.0, 3004.0]	[]	Calculated Zhao	
Pt	111	CO	-1.46	[60.0, 231.0, 256.0, 303.0, 470.0, 1747.0]	[]	Calculated Zhao	
Pd	111	CH2CO	-2.6	[12.0, 142.0, 169.0, 291.0, 350.0, 435.0, 565.0, 621.0, 871.0, 930.0, 1035.0, 1295.0, 1674.0, 2998.0, 3071.0]	[]	Calculated Zhao	
Pt	111	CH2	-1.64	[12.0, 306.0, 382.0, 468.0, 663.0, 790.0, 1356.0, 2737.0, 3004.0]	[]	Calculated Zhao	
Pt	111	CH2CO	-2.92	[12.0, 142.0, 169.0, 291.0, 350.0, 435.0, 565.0, 621.0, 871.0, 930.0, 1035.0, 1295.0, 1674.0, 2998.0, 3071.0]	[]	Calculated Zhao	
Pt	111	CH3CHOH	-3.82	[12.0, 71.0, 162.0, 228.0, 268.0, 318.0, 446.0, 541.0, 664.0, 773.0, 890.0, 1022.0, 1089.0, 1141.0, 1236.0, 1347.0, 1375.0, 1462.0, 1489.0, 2927.0, 2973.0, 3024.0, 3060.0, 3629.0]	[]	Calculated Zhao	
Pt	111	O	1.54	[]	[]	Calculated Zhao	
Ir	111	CH3CHO	-3.13	[12.0, 61.0, 93.0, 134.0, 227.0, 361.0, 430.0, 516.0, 737.0, 928.0, 1037.0, 1062.0, 1128.0, 1287.0, 1321.0, 1408.0, 1443.0, 2933.0, 2974.0, 3000.0, 3063.0]	[]	Calculated Zhao	
Ag	111	H	0.44	[463.0, 716.0, 982.0]	[]	Calculated Zhao	
Ag	111	O	2.12	[]	[]	Calculated Zhao	
Ir	111	O	0.85	[]	[]	Calculated Zhao	
Cu	111	OH	0.33	[12.0, 341.0, 396.0, 670.0, 718.0, 3682.0]	[]	Calculated Zhao	
Pd	111	CO	-1.74	[60.0, 231.0, 256.0, 303.0, 470.0, 1747.0]	[]	Calculated Zhao	
Ag	111	CH2CO	-1.79	[12.0, 142.0, 169.0, 291.0, 350.0, 435.0, 565.0, 621.0, 871.0, 930.0, 1035.0, 1295.0, 1674.0, 2998.0, 3071.0]	[]	Calculated Zhao	
Pd	111	CH3	-2.13	[12.0, 114.0, 168.0, 622.0, 686.0, 703.0, 1382.0, 1417.0, 1576.0, 3026.0, 3093.0, 3099.0]	[]	Calculated Zhao	
Ir	111	H	-0.24	[463.0, 716.0, 982.0]	[]	Calculated Zhao	
Ir	111	CH3CHOH	-3.64	[12.0, 71.0, 162.0, 228.0, 268.0, 318.0, 446.0, 541.0, 664.0, 773.0, 890.0, 1022.0, 1089.0, 1141.0, 1236.0, 1347.0, 1375.0, 1462.0, 1489.0, 2927.0, 2973.0, 3024.0, 3060.0, 3629.0]	[]	Calculated Zhao	
Pt	111	CH	-1.58	[413.0, 437.0, 487.0, 710.0, 735.0, 3045.0]	[]	Calculated Zhao	
Cu	111	CH3CO	-2.42	[12.0, 123.0, 156.0, 228.0, 286.0, 402.0, 469.0, 676.0, 945.0, 1012.0, 1091.0, 1407.0, 1435.0, 1454.0, 1575.0, 3053.0, 3076.0, 3126.0]	[]	Calculated Zhao	
Ag	111	CHOH	0.94	[12.0, 144.0, 202.0, 314.0, 367.0, 569.0, 761.0, 1044.0, 1203.0, 1426.0, 2983.0, 3650.0]	[]	Calculated Zhao	
Cu	111	H	0.03	[463.0, 716.0, 982.0]	[]	Calculated Zhao	
Pt	111	CHOH	-1.22	[12.0, 144.0, 202.0, 314.0, 367.0, 569.0, 761.0, 1044.0, 1203.0, 1426.0, 2983.0, 3650.0]	[]	Calculated Zhao	
Cu	111	O	1.07	[]	[]	Calculated Zhao	
Pt	111	CHCO	-2.34	[12.0, 195.0, 261.0, 342.0, 401.0, 522.0, 572.0, 755.0, 933.0, 1090.0, 1712.0, 3004.0]	[]	Calculated Zhao	
Ir	111	CH2	-1.7	[12.0, 306.0, 382.0, 468.0, 663.0, 790.0, 1356.0, 2737.0, 3004.0]	[]	Calculated Zhao	
Pd	111	CH	-1.37	[413.0, 437.0, 487.0, 710.0, 735.0, 3045.0]	[]	Calculated Zhao	
Ag	111	CH3CH2OH	-4.06	[12.0, 12.0, 12.0, 12.0, 42.0, 255.0, 324.0, 421.0, 479.0, 732.0, 867.0, 1009.0, 1087.0, 1136.0, 1254.0, 1264.0, 1394.0, 1419.0, 1432.0, 1462.0, 1491.0, 2887.0, 2966.0, 2984.0, 3029.0, 3146.0, 3726.0]	[]	Calculated Zhao	
Pd	111	C	-0.54	[]	[]	Calculated Zhao	
Ir	111	CH3CO	-3.58	[12.0, 123.0, 156.0, 228.0, 286.0, 402.0, 469.0, 676.0, 945.0, 1012.0, 1091.0, 1407.0, 1435.0, 1454.0, 1575.0, 3053.0, 3076.0, 3126.0]	[]	Calculated Zhao	
Ag	111	CHCO	-1.1	[12.0, 195.0, 261.0, 342.0, 401.0, 522.0, 572.0, 755.0, 933.0, 1090.0, 1712.0, 3004.0]	[]	Calculated Zhao	
Cu	111	CH3	-1.55	[12.0, 114.0, 168.0, 622.0, 686.0, 703.0, 1382.0, 1417.0, 1576.0, 3026.0, 3093.0, 3099.0]	[]	Calculated Zhao	
Cu	111	CH2	-0.43	[12.0, 306.0, 382.0, 468.0, 663.0, 790.0, 1356.0, 2737.0, 3004.0]	[]	Calculated Zhao	
Cu	111	CH3CH2OH	-4.07	[12.0, 12.0, 12.0, 12.0, 42.0, 255.0, 324.0, 421.0, 479.0, 732.0, 867.0, 1009.0, 1087.0, 1136.0, 1254.0, 1264.0, 1394.0, 1419.0, 1432.0, 1462.0, 1491.0, 2887.0, 2966.0, 2984.0, 3029.0, 3146.0, 3726.0]	[]	Calculated Zhao	
Cu	111	CH3CHO	-3.16	[12.0, 61.0, 93.0, 134.0, 227.0, 361.0, 430.0, 516.0, 737.0, 928.0, 1037.0, 1062.0, 1128.0, 1287.0, 1321.0, 1408.0, 1443.0, 2933.0, 2974.0, 3000.0, 3063.0]	[]	Calculated Zhao	
Ir	111	C	-0.84	[]	[]	Calculated Zhao	
Pd	111	CHOH	-1.02	[12.0, 144.0, 202.0, 314.0, 367.0, 569.0, 761.0, 1044.0, 1203.0, 1426.0, 2983.0, 3650.0]	[]	Calculated Zhao	
Pd	111	CH3CO	-3.34	[12.0, 123.0, 156.0, 228.0, 286.0, 402.0, 469.0, 676.0, 945.0, 1012.0, 1091.0, 1407.0, 1435.0, 1454.0, 1575.0, 3053.0, 3076.0, 3126.0]	[]	Calculated Zhao	
Cu	111	CHO	0.21	[12.0, 72.0, 206.0, 336.0, 452.0, 660.0, 1238.0, 1262.0, 2832.0]	[]	Calculated Zhao	
Ag	111	CH	1.66	[413.0, 437.0, 487.0, 710.0, 735.0, 3045.0]	[]	Calculated Zhao	
Pd	111	CH3CH2OH	-4.17	[12.0, 12.0, 12.0, 12.0, 42.0, 255.0, 324.0, 421.0, 479.0, 732.0, 867.0, 1009.0, 1087.0, 1136.0, 1254.0, 1264.0, 1394.0, 1419.0, 1432.0, 1462.0, 1491.0, 2887.0, 2966.0, 2984.0, 3029.0, 3146.0, 3726.0]	[]	Calculated Zhao	
Ir	111	CHO	-0.89	[12.0, 72.0, 206.0, 336.0, 452.0, 660.0, 1238.0, 1262.0, 2832.0]	[]	Calculated Zhao	
Pd	111	O	1.23	[]	[]	Calculated Zhao	
Ir	111	CHOH	-1.05	[12.0, 144.0, 202.0, 314.0, 367.0, 569.0, 761.0, 1044.0, 1203.0, 1426.0, 2983.0, 3650.0]	[]	Calculated Zhao	
Pd	111	CH2	-1.42	[12.0, 306.0, 382.0, 468.0, 663.0, 790.0, 1356.0, 2737.0, 3004.0]	[]	Calculated Zhao	
Ir	111	OH	0.54	[12.0, 341.0, 396.0, 670.0, 718.0, 3682.0]	[]	Calculated Zhao	
Ag	111	CH3	-1.28	[12.0, 114.0, 168.0, 622.0, 686.0, 703.0, 1382.0, 1417.0, 1576.0, 3026.0, 3093.0, 3099.0]	[]	Calculated Zhao	
Pt	111	CH3CO	-3.53	[12.0, 123.0, 156.0, 228.0, 286.0, 402.0, 469.0, 676.0, 945.0, 1012.0, 1091.0, 1407.0, 1435.0, 1454.0, 1575.0, 3053.0, 3076.0, 3126.0]	[]	Calculated Zhao	
Ag	111	CHO	0.58	[12.0, 72.0, 206.0, 336.0, 452.0, 660.0, 1238.0, 1262.0, 2832.0]	[]	Calculated Zhao	
Ir	111	CHCO	-2.51	[12.0, 195.0, 261.0, 342.0, 401.0, 522.0, 572.0, 755.0, 933.0, 1090.0, 1712.0, 3004.0]	[]	Calculated Zhao	
Cu	111	CH2CO	-1.28	[12.0, 142.0, 169.0, 291.0, 350.0, 435.0, 565.0, 621.0, 871.0, 930.0, 1035.0, 1295.0, 1674.0, 2998.0, 3071.0]	[]	Calculated Zhao	
Ir	111	CH3CH2OH	-4.2	[12.0, 12.0, 12.0, 12.0, 42.0, 255.0, 324.0, 421.0, 479.0, 732.0, 867.0, 1009.0, 1087.0, 1136.0, 1254.0, 1264.0, 1394.0, 1419.0, 1432.0, 1462.0, 1491.0, 2887.0, 2966.0, 2984.0, 3029.0, 3146.0, 3726.0]	[]	Calculated Zhao	
Pt	111	CH3CHO	-2.99	[12.0, 61.0, 93.0, 134.0, 227.0, 361.0, 430.0, 516.0, 737.0, 928.0, 1037.0, 1062.0, 1128.0, 1287.0, 1321.0, 1408.0, 1443.0, 2933.0, 2974.0, 3000.0, 3063.0]	[]	Calculated Zhao	
Cu	111	CH	0.35	[413.0, 437.0, 487.0, 710.0, 735.0, 3045.0]	[]	Calculated Zhao	
Cu	111	C	1.76	[]	[]	Calculated Zhao	
Pd	111	CHCO	-2.14	[12.0, 195.0, 261.0, 342.0, 401.0, 522.0, 572.0, 755.0, 933.0, 1090.0, 1712.0, 3004.0]	[]	Calculated Zhao	
Pd	111	CHO	-0.93	[12.0, 72.0, 206.0, 336.0, 452.0, 660.0, 1238.0, 1262.0, 2832.0]	[]	Calculated Zhao	
Ag	111	OH	0.68	[12.0, 341.0, 396.0, 670.0, 718.0, 3682.0]	[]	Calculated Zhao	
Pt	111	C	-0.46	[]	[]	Calculated Zhao	
Ir	111	CH	-1.86	[413.0, 437.0, 487.0, 710.0, 735.0, 3045.0]	[]	Calculated Zhao	
Pd	111	H	-0.43	[463.0, 716.0, 982.0]	[]	Calculated Zhao	
Pd	111	CH3CHO	-3.17	[12.0, 61.0, 93.0, 134.0, 227.0, 361.0, 430.0, 516.0, 737.0, 928.0, 1037.0, 1062.0, 1128.0, 1287.0, 1321.0, 1408.0, 1443.0, 2933.0, 2974.0, 3000.0, 3063.0]	[]	Calculated Zhao	
Pt	111	OH	0.98	[12.0, 341.0, 396.0, 670.0, 718.0, 3682.0]	[]	Calculated Zhao	
Ag	111	CO	-0.1	[60.0, 231.0, 256.0, 303.0, 470.0, 1747.0]	[]	Calculated Zhao	
Pt	111	CH3CH2OH	-4.15	[12.0, 12.0, 12.0, 12.0, 42.0, 255.0, 324.0, 421.0, 479.0, 732.0, 867.0, 1009.0, 1087.0, 1136.0, 1254.0, 1264.0, 1394.0, 1419.0, 1432.0, 1462.0, 1491.0, 2887.0, 2966.0, 2984.0, 3029.0, 3146.0, 3726.0]	[]	Calculated Zhao	
Ag	111	CH2	0.39	[12.0, 306.0, 382.0, 468.0, 663.0, 790.0, 1356.0, 2737.0, 3004.0]	[]	Calculated Zhao	
Ir	111	H-CH2CO	-2.27	[12.0, 123.0, 221.0, 245.0, 344.0, 383.0, 484.0, 602.0, 863.0, 994.0, 1030.0, 1088.0, 1332.0, 1433.0, 1684.0, 3026.0, 3087.0]	[]	Calculated Zhao	
Cu	111	H-CO	0.5	[71.0, 197.0, 315.0, 376.0, 537.0, 1047.0, 1445.0, 2114.0]	[]	Calculated Zhao	
Ag	111	CH-CO	1.74	[12.0, 12.0, 150.0, 347.0, 373.0, 460.0, 580.0, 767.0, 961.0, 1607.0, 3001.0]	[]	Calculated Zhao	
Ir	111	CH2-H	-1.63	[12.0, 234.0, 339.0, 527.0, 615.0, 828.0, 969.0, 1378.0, 1913.0, 2972.0, 3028.0]	[]	Calculated Zhao	
Pd	111	H-CO	-0.81	[71.0, 197.0, 315.0, 376.0, 537.0, 1047.0, 1445.0, 2114.0]	[]	Calculated Zhao	
Cu	111	H-CH2CO	-0.67	[12.0, 123.0, 221.0, 245.0, 344.0, 383.0, 484.0, 602.0, 863.0, 994.0, 1030.0, 1088.0, 1332.0, 1433.0, 1684.0, 3026.0, 3087.0]	[]	Calculated Zhao	
Ir	111	H-CO	-0.65	[71.0, 197.0, 315.0, 376.0, 537.0, 1047.0, 1445.0, 2114.0]	[]	Calculated Zhao	
Pt	111	H-CO	-0.62	[71.0, 197.0, 315.0, 376.0, 537.0, 1047.0, 1445.0, 2114.0]	[]	Calculated Zhao	
Cu	111	H-CH3CO	-1.9	[12.0, 12.0, 12.0, 106.0, 310.0, 367.0, 484.0, 656.0, 750.0, 963.0, 996.0, 1071.0, 1311.0, 1390.0, 1424.0, 1434.0, 1597.0, 2970.0, 2997.0, 3104.0]	[]	Calculated Zhao	
Pt	111	CH-H	-1.15	[270.0, 369.0, 382.0, 566.0, 681.0, 955.0, 1998.0, 3025.0]	[]	Calculated Zhao	
Ir	111	H-CHCO	-2.23	[104.0, 170.0, 250.0, 276.0, 322.0, 484.0, 565.0, 641.0, 863.0, 947.0, 1089.0, 1670.0, 1876.0, 3058.0]	[]	Calculated Zhao	
Pd	111	H-CH3CO	-2.86	[12.0, 12.0, 12.0, 106.0, 310.0, 367.0, 484.0, 656.0, 750.0, 963.0, 996.0, 1071.0, 1311.0, 1390.0, 1424.0, 1434.0, 1597.0, 2970.0, 2997.0, 3104.0]	[]	Calculated Zhao	
Ag	111	H-CHCO	0.07	[104.0, 170.0, 250.0, 276.0, 322.0, 484.0, 565.0, 641.0, 863.0, 947.0, 1089.0, 1670.0, 1876.0, 3058.0]	[]	Calculated Zhao	
Cu	111	HCO-H	0.95	[137.0, 231.0, 290.0, 327.0, 493.0, 594.0, 680.0, 911.0, 1105.0, 1166.0, 2929.0]	[]	Calculated Zhao	
Cu	111	CH-H	0.86	[270.0, 369.0, 382.0, 566.0, 681.0, 955.0, 1998.0, 3025.0]	[]	Calculated Zhao	
Cu	111	CH3CHOH-H	-2.23	[12.0, 35.0, 108.0, 137.0, 183.0, 249.0, 400.0, 460.0, 516.0, 598.0, 820.0, 924.0, 1014.0, 1096.0, 1167.0, 1240.0, 1354.0, 1385.0, 1436.0, 1485.0, 1652.0, 2967.0, 3012.0, 3039.0, 3102.0, 3525.0]	[]	Calculated Zhao	
Pt	111	H-CH2CO	-1.73	[12.0, 123.0, 221.0, 245.0, 344.0, 383.0, 484.0, 602.0, 863.0, 994.0, 1030.0, 1088.0, 1332.0, 1433.0, 1684.0, 3026.0, 3087.0]	[]	Calculated Zhao	
Cu	111	CH3CHO-H	-1.91	[12.0, 45.0, 123.0, 183.0, 208.0, 232.0, 385.0, 511.0, 578.0, 810.0, 900.0, 999.0, 1054.0, 1084.0, 1129.0, 1316.0, 1335.0, 1424.0, 1453.0, 2906.0, 2945.0, 2984.0, 3054.0]	[]	Calculated Zhao	
Ir	111	H-OH	0.71	[12.0, 273.0, 312.0, 399.0, 695.0, 831.0, 1111.0, 3615.0]	[]	Calculated Zhao	
Pd	111	CH-H	-0.84	[270.0, 369.0, 382.0, 566.0, 681.0, 955.0, 1998.0, 3025.0]	[]	Calculated Zhao	
Ir	111	CH-H	-1.59	[270.0, 369.0, 382.0, 566.0, 681.0, 955.0, 1998.0, 3025.0]	[]	Calculated Zhao	
Pt	111	HCO-H	-0.88	[137.0, 231.0, 290.0, 327.0, 493.0, 594.0, 680.0, 911.0, 1105.0, 1166.0, 2929.0]	[]	Calculated Zhao	
Pt	111	H-CH3CO	-2.72	[12.0, 12.0, 12.0, 106.0, 310.0, 367.0, 484.0, 656.0, 750.0, 963.0, 996.0, 1071.0, 1311.0, 1390.0, 1424.0, 1434.0, 1597.0, 2970.0, 2997.0, 3104.0]	[]	Calculated Zhao	
Ir	111	CH3-H	-1.88	[12.0, 12.0, 54.0, 143.0, 435.0, 740.0, 826.0, 1241.0, 1398.0, 1421.0, 1731.0, 2994.0, 3046.0, 3093.0]	[]	Calculated Zhao	
Ir	111	CH3CHO-H	-2.8	[12.0, 45.0, 123.0, 183.0, 208.0, 232.0, 385.0, 511.0, 578.0, 810.0, 900.0, 999.0, 1054.0, 1084.0, 1129.0, 1316.0, 1335.0, 1424.0, 1453.0, 2906.0, 2945.0, 2984.0, 3054.0]	[]	Calculated Zhao	
Ag	111	HCO-H	1.58	[137.0, 231.0, 290.0, 327.0, 493.0, 594.0, 680.0, 911.0, 1105.0, 1166.0, 2929.0]	[]	Calculated Zhao	
Ir	111	H-CH3CO	-2.88	[12.0, 12.0, 12.0, 106.0, 310.0, 367.0, 484.0, 656.0, 750.0, 963.0, 996.0, 1071.0, 1311.0, 1390.0, 1424.0, 1434.0, 1597.0, 2970.0, 2997.0, 3104.0]	[]	Calculated Zhao	
Cu	111	H-CHCO	-0.47	[104.0, 170.0, 250.0, 276.0, 322.0, 484.0, 565.0, 641.0, 863.0, 947.0, 1089.0, 1670.0, 1876.0, 3058.0]	[]	Calculated Zhao	
Pd	111	H-CH2CO	-2.07	[12.0, 123.0, 221.0, 245.0, 344.0, 383.0, 484.0, 602.0, 863.0, 994.0, 1030.0, 1088.0, 1332.0, 1433.0, 1684.0, 3026.0, 3087.0]	[]	Calculated Zhao	
Ag	111	CH-H	2.47	[270.0, 369.0, 382.0, 566.0, 681.0, 955.0, 1998.0, 3025.0]	[]	Calculated Zhao	
Ir	111	CH3CHOH-H	-3.28	[12.0, 35.0, 108.0, 137.0, 183.0, 249.0, 400.0, 460.0, 516.0, 598.0, 820.0, 924.0, 1014.0, 1096.0, 1167.0, 1240.0, 1354.0, 1385.0, 1436.0, 1485.0, 1652.0, 2967.0, 3012.0, 3039.0, 3102.0, 3525.0]	[]	Calculated Zhao	
Cu	111	H-OH	1.33	[12.0, 273.0, 312.0, 399.0, 695.0, 831.0, 1111.0, 3615.0]	[]	Calculated Zhao	
Ag	111	CH3CHOH-H	-1.7	[12.0, 35.0, 108.0, 137.0, 183.0, 249.0, 400.0, 460.0, 516.0, 598.0, 820.0, 924.0, 1014.0, 1096.0, 1167.0, 1240.0, 1354.0, 1385.0, 1436.0, 1485.0, 1652.0, 2967.0, 3012.0, 3039.0, 3102.0, 3525.0]	[]	Calculated Zhao	
Cu	111	CH-CO	0.31	[12.0, 12.0, 150.0, 347.0, 373.0, 460.0, 580.0, 767.0, 961.0, 1607.0, 3001.0]	[]	Calculated Zhao	
Pt	111	H-CHCO	-1.82	[104.0, 170.0, 250.0, 276.0, 322.0, 484.0, 565.0, 641.0, 863.0, 947.0, 1089.0, 1670.0, 1876.0, 3058.0]	[]	Calculated Zhao	
Ag	111	CH3CHO-H	-1.65	[12.0, 45.0, 123.0, 183.0, 208.0, 232.0, 385.0, 511.0, 578.0, 810.0, 900.0, 999.0, 1054.0, 1084.0, 1129.0, 1316.0, 1335.0, 1424.0, 1453.0, 2906.0, 2945.0, 2984.0, 3054.0]	[]	Calculated Zhao	
Pd	111	CH-OH	0.25	[194.0, 314.0, 411.0, 461.0, 643.0, 671.0, 723.0, 755.0, 849.0, 3162.0, 3676.0]	[]	Calculated Zhao	
Pd	111	CH-CO	-1.56	[12.0, 12.0, 150.0, 347.0, 373.0, 460.0, 580.0, 767.0, 961.0, 1607.0, 3001.0]	[]	Calculated Zhao	
Ag	111	CH3-H	-0.28	[12.0, 12.0, 54.0, 143.0, 435.0, 740.0, 826.0, 1241.0, 1398.0, 1421.0, 1731.0, 2994.0, 3046.0, 3093.0]	[]	Calculated Zhao	
Ag	111	H-OH	1.73	[12.0, 273.0, 312.0, 399.0, 695.0, 831.0, 1111.0, 3615.0]	[]	Calculated Zhao	
Pd	111	CH2-H	-1.05	[12.0, 234.0, 339.0, 527.0, 615.0, 828.0, 969.0, 1378.0, 1913.0, 2972.0, 3028.0]	[]	Calculated Zhao	
Pd	111	CH3-H	-1.87	[12.0, 12.0, 54.0, 143.0, 435.0, 740.0, 826.0, 1241.0, 1398.0, 1421.0, 1731.0, 2994.0, 3046.0, 3093.0]	[]	Calculated Zhao	
Ag	111	H-CH2CO	-0.61	[12.0, 123.0, 221.0, 245.0, 344.0, 383.0, 484.0, 602.0, 863.0, 994.0, 1030.0, 1088.0, 1332.0, 1433.0, 1684.0, 3026.0, 3087.0]	[]	Calculated Zhao	
Cu	111	CH3-H	-0.94	[12.0, 12.0, 54.0, 143.0, 435.0, 740.0, 826.0, 1241.0, 1398.0, 1421.0, 1731.0, 2994.0, 3046.0, 3093.0]	[]	Calculated Zhao	
Ag	111	H-CH3CO	-1.32	[12.0, 12.0, 12.0, 106.0, 310.0, 367.0, 484.0, 656.0, 750.0, 963.0, 996.0, 1071.0, 1311.0, 1390.0, 1424.0, 1434.0, 1597.0, 2970.0, 2997.0, 3104.0]	[]	Calculated Zhao	
Pd	111	H-CHCO	-1.61	[104.0, 170.0, 250.0, 276.0, 322.0, 484.0, 565.0, 641.0, 863.0, 947.0, 1089.0, 1670.0, 1876.0, 3058.0]	[]	Calculated Zhao	
Pt	111	CH-OH	0.11	[194.0, 314.0, 411.0, 461.0, 643.0, 671.0, 723.0, 755.0, 849.0, 3162.0, 3676.0]	[]	Calculated Zhao	
Pt	111	CH-CO	-1.42	[12.0, 12.0, 150.0, 347.0, 373.0, 460.0, 580.0, 767.0, 961.0, 1607.0, 3001.0]	[]	Calculated Zhao	
Ir	111	CH-CO	-1.91	[12.0, 12.0, 150.0, 347.0, 373.0, 460.0, 580.0, 767.0, 961.0, 1607.0, 3001.0]	[]	Calculated Zhao	
Pt	111	CH2-H	-1.3	[12.0, 234.0, 339.0, 527.0, 615.0, 828.0, 969.0, 1378.0, 1913.0, 2972.0, 3028.0]	[]	Calculated Zhao	
Pt	111	CH3-H	-1.84	[12.0, 12.0, 54.0, 143.0, 435.0, 740.0, 826.0, 1241.0, 1398.0, 1421.0, 1731.0, 2994.0, 3046.0, 3093.0]	[]	Calculated Zhao	
Ag	111	H-CO	1.0	[71.0, 197.0, 315.0, 376.0, 537.0, 1047.0, 1445.0, 2114.0]	[]	Calculated Zhao	
Pt	111	CH3CHO-H	-2.95	[12.0, 45.0, 123.0, 183.0, 208.0, 232.0, 385.0, 511.0, 578.0, 810.0, 900.0, 999.0, 1054.0, 1084.0, 1129.0, 1316.0, 1335.0, 1424.0, 1453.0, 2906.0, 2945.0, 2984.0, 3054.0]	[]	Calculated Zhao	
Cu	111	CH-OH	1.47	[194.0, 314.0, 411.0, 461.0, 643.0, 671.0, 723.0, 755.0, 849.0, 3162.0, 3676.0]	[]	Calculated Zhao	
Pt	111	H-OH	0.89	[12.0, 273.0, 312.0, 399.0, 695.0, 831.0, 1111.0, 3615.0]	[]	Calculated Zhao	
Pt	111	CH3CHOH-H	-3.29	[12.0, 35.0, 108.0, 137.0, 183.0, 249.0, 400.0, 460.0, 516.0, 598.0, 820.0, 924.0, 1014.0, 1096.0, 1167.0, 1240.0, 1354.0, 1385.0, 1436.0, 1485.0, 1652.0, 2967.0, 3012.0, 3039.0, 3102.0, 3525.0]	[]	Calculated Zhao	
Ag	111	CH-OH	2.78	[194.0, 314.0, 411.0, 461.0, 643.0, 671.0, 723.0, 755.0, 849.0, 3162.0, 3676.0]	[]	Calculated Zhao	
Ag	111	CH2-H	1.23	[12.0, 234.0, 339.0, 527.0, 615.0, 828.0, 969.0, 1378.0, 1913.0, 2972.0, 3028.0]	[]	Calculated Zhao	
Cu	111	CH2-H	0.13	[12.0, 234.0, 339.0, 527.0, 615.0, 828.0, 969.0, 1378.0, 1913.0, 2972.0, 3028.0]	[]	Calculated Zhao	
Pd	111	CH3CHO-H	-2.76	[12.0, 45.0, 123.0, 183.0, 208.0, 232.0, 385.0, 511.0, 578.0, 810.0, 900.0, 999.0, 1054.0, 1084.0, 1129.0, 1316.0, 1335.0, 1424.0, 1453.0, 2906.0, 2945.0, 2984.0, 3054.0]	[]	Calculated Zhao	
Pd	111	H-OH	1.01	[12.0, 273.0, 312.0, 399.0, 695.0, 831.0, 1111.0, 3615.0]	[]	Calculated Zhao	
Pd	111	CH3CHOH-H	-3.27	[12.0, 35.0, 108.0, 137.0, 183.0, 249.0, 400.0, 460.0, 516.0, 598.0, 820.0, 924.0, 1014.0, 1096.0, 1167.0, 1240.0, 1354.0, 1385.0, 1436.0, 1485.0, 1652.0, 2967.0, 3012.0, 3039.0, 3102.0, 3525.0]	[]	Calculated Zhao	
Ir	111	CH-OH	-0.52	[194.0, 314.0, 411.0, 461.0, 643.0, 671.0, 723.0, 755.0, 849.0, 3162.0, 3676.0]	[]	Calculated Zhao	
